Layer: 0, neuron 0, 0.198903, 0.674975, 0.793851, 0.791053, 
Layer: 0, neuron 1, 0.322321, 0.525163, 0.891498, 0.876815, 
Layer: 0, neuron 2, 1.32231, 1.11969, -0.972067, 0.820397, 
